Webots Project File version R2023a
perspectives: 000000ff00000000fd00000002000000010000034700000313fc0200000001fb0000001400540065007800740045006400690074006f00720100000016000003130000008700ffffff0000000300000a00000000d9fc0100000001fb0000001a0043006f006e0073006f006c00650041006c006c0041006c006c010000000000000a000000006900ffffff000006b70000031300000001000000020000000100000008fc00000000
simulationViewPerspectives: 000000ff000000010000000200000349000004c50100000002010000000100
sceneTreePerspectives: 000000ff00000001000000030000001e000002d6000000fa0100000002010000000200
maximizedDockId: -1
centralWidgetVisible: 1
orthographicViewHeight: 1
textFiles: 0 "controllers/car_controller/car_controller.py"
consoles: Console:All:All
renderingDevicePerspectives: BOT120:camera;1;0.292969;0;0.00145773
